SEQ	CLASS	Qmm	P	T	E
1	2041_2070	NA	8.848	27.770	5.859323143
2	2041_2070	NA	4.925	27.465	6.008392727
3	2041_2070	NA	22.791	30.555	6.16565438
4	2041_2070	NA	69.327	30.135	5.953779243
5	2041_2070	NA	187.621	28.996	5.054499935
6	2041_2070	NA	320.663	27.804	4.239412292
7	2041_2070	NA	395.167	28.137	4.46136026
8	2041_2070	NA	189.656	27.810	4.423650041
9	2041_2070	NA	370.552	27.924	4.219758068
10	2041_2070	NA	438.533	27.266	3.863711562
11	2041_2070	NA	294.223	28.086	3.8851484
12	2041_2070	NA	105.551	28.041	4.667971247
13	2041_2070	NA	16.691	28.359	5.859323143
14	2041_2070	NA	3.776	27.926	6.008392727
15	2041_2070	NA	20.812	30.976	6.16565438
16	2041_2070	NA	129.061	30.578	5.953779243
17	2041_2070	NA	340.057	28.864	5.054499935
18	2041_2070	NA	432.593	27.800	4.239412292
19	2041_2070	NA	175.849	28.154	4.46136026
20	2041_2070	NA	286.503	27.844	4.423650041
21	2041_2070	NA	266.573	26.802	4.219758068
22	2041_2070	NA	431.737	27.018	3.863711562
23	2041_2070	NA	147.585	27.145	3.8851484
24	2041_2070	NA	77.414	27.361	4.667971247
25	2041_2070	NA	11.046	27.342	5.859323143
26	2041_2070	NA	40.720	27.319	6.008392727
27	2041_2070	NA	12.007	30.899	6.16565438
28	2041_2070	NA	107.317	30.270	5.953779243
29	2041_2070	NA	206.072	28.506	5.054499935
30	2041_2070	NA	353.227	27.359	4.239412292
31	2041_2070	NA	325.967	28.086	4.46136026
32	2041_2070	NA	212.679	28.417	4.423650041
33	2041_2070	NA	430.277	27.565	4.219758068
34	2041_2070	NA	320.045	27.359	3.863711562
35	2041_2070	NA	266.618	27.568	3.8851484
36	2041_2070	NA	63.780	28.115	4.667971247
37	2041_2070	NA	7.826	28.353	5.859323143
38	2041_2070	NA	6.253	27.936	6.008392727
39	2041_2070	NA	19.180	31.446	6.16565438
40	2041_2070	NA	101.197	31.490	5.953779243
41	2041_2070	NA	176.062	29.458	5.054499935
42	2041_2070	NA	506.518	28.457	4.239412292
43	2041_2070	NA	431.691	28.519	4.46136026
44	2041_2070	NA	474.544	28.215	4.423650041
45	2041_2070	NA	299.196	28.281	4.219758068
46	2041_2070	NA	439.735	26.985	3.863711562
47	2041_2070	NA	130.256	27.267	3.8851484
48	2041_2070	NA	63.897	28.043	4.667971247
49	2041_2070	NA	22.766	28.534	5.859323143
50	2041_2070	NA	10.276	27.895	6.008392727
51	2041_2070	NA	10.786	31.032	6.16565438
52	2041_2070	NA	21.559	30.988	5.953779243
53	2041_2070	NA	271.841	29.546	5.054499935
54	2041_2070	NA	321.065	27.914	4.239412292
55	2041_2070	NA	201.386	28.268	4.46136026
56	2041_2070	NA	238.414	27.931	4.423650041
57	2041_2070	NA	385.283	26.648	4.219758068
58	2041_2070	NA	276.093	27.221	3.863711562
59	2041_2070	NA	152.442	27.094	3.8851484
60	2041_2070	NA	61.147	27.098	4.667971247
61	2041_2070	NA	29.040	27.294	5.859323143
62	2041_2070	NA	20.001	27.224	6.008392727
63	2041_2070	NA	26.503	30.493	6.16565438
64	2041_2070	NA	88.590	30.951	5.953779243
65	2041_2070	NA	518.296	28.827	5.054499935
66	2041_2070	NA	409.750	27.462	4.239412292
67	2041_2070	NA	356.294	28.260	4.46136026
68	2041_2070	NA	306.135	28.347	4.423650041
69	2041_2070	NA	310.041	28.056	4.219758068
70	2041_2070	NA	456.426	27.920	3.863711562
71	2041_2070	NA	120.194	27.842	3.8851484
72	2041_2070	NA	107.098	28.186	4.667971247
73	2041_2070	NA	22.941	28.580	5.859323143
74	2041_2070	NA	22.604	28.401	6.008392727
75	2041_2070	NA	9.579	31.527	6.16565438
76	2041_2070	NA	97.725	31.022	5.953779243
77	2041_2070	NA	170.566	29.719	5.054499935
78	2041_2070	NA	364.292	28.323	4.239412292
79	2041_2070	NA	239.410	29.051	4.46136026
80	2041_2070	NA	272.634	28.808	4.423650041
81	2041_2070	NA	507.277	28.044	4.219758068
82	2041_2070	NA	336.672	28.513	3.863711562
83	2041_2070	NA	165.701	28.418	3.8851484
84	2041_2070	NA	118.507	28.569	4.667971247
85	2041_2070	NA	18.376	29.253	5.859323143
86	2041_2070	NA	29.319	28.978	6.008392727
87	2041_2070	NA	15.750	31.672	6.16565438
88	2041_2070	NA	48.799	30.567	5.953779243
89	2041_2070	NA	456.961	28.921	5.054499935
90	2041_2070	NA	429.242	27.956	4.239412292
91	2041_2070	NA	249.339	28.236	4.46136026
92	2041_2070	NA	220.225	27.921	4.423650041
93	2041_2070	NA	322.546	27.515	4.219758068
94	2041_2070	NA	422.154	27.567	3.863711562
95	2041_2070	NA	277.020	27.530	3.8851484
96	2041_2070	NA	83.056	28.241	4.667971247
97	2041_2070	NA	21.753	28.482	5.859323143
98	2041_2070	NA	4.487	28.138	6.008392727
99	2041_2070	NA	43.267	31.496	6.16565438
100	2041_2070	NA	103.644	31.177	5.953779243
101	2041_2070	NA	236.018	29.062	5.054499935
102	2041_2070	NA	328.586	27.656	4.239412292
103	2041_2070	NA	143.195	27.610	4.46136026
104	2041_2070	NA	467.541	27.703	4.423650041
105	2041_2070	NA	450.546	27.230	4.219758068
106	2041_2070	NA	847.064	27.213	3.863711562
107	2041_2070	NA	196.867	27.295	3.8851484
108	2041_2070	NA	87.959	27.753	4.667971247
109	2041_2070	NA	17.596	28.028	5.859323143
110	2041_2070	NA	9.133	27.196	6.008392727
111	2041_2070	NA	68.857	30.739	6.16565438
112	2041_2070	NA	84.441	30.157	5.953779243
113	2041_2070	NA	297.008	28.773	5.054499935
114	2041_2070	NA	276.533	27.385	4.239412292
115	2041_2070	NA	313.512	28.012	4.46136026
116	2041_2070	NA	397.718	27.562	4.423650041
117	2041_2070	NA	424.028	26.679	4.219758068
118	2041_2070	NA	385.729	27.153	3.863711562
119	2041_2070	NA	216.321	27.551	3.8851484
120	2041_2070	NA	66.856	28.349	4.667971247
121	2041_2070	NA	17.772	28.476	5.859323143
122	2041_2070	NA	13.438	27.594	6.008392727
123	2041_2070	NA	5.516	30.920	6.16565438
124	2041_2070	NA	95.028	30.377	5.953779243
125	2041_2070	NA	285.461	29.460	5.054499935
126	2041_2070	NA	290.402	27.878	4.239412292
127	2041_2070	NA	135.710	28.738	4.46136026
128	2041_2070	NA	311.777	28.240	4.423650041
129	2041_2070	NA	566.269	27.640	4.219758068
130	2041_2070	NA	518.684	27.564	3.863711562
131	2041_2070	NA	132.561	28.173	3.8851484
132	2041_2070	NA	41.302	28.609	4.667971247
133	2041_2070	NA	32.124	28.613	5.859323143
134	2041_2070	NA	5.560	28.260	6.008392727
135	2041_2070	NA	6.266	31.433	6.16565438
136	2041_2070	NA	65.104	30.568	5.953779243
137	2041_2070	NA	310.815	28.801	5.054499935
138	2041_2070	NA	244.076	27.782	4.239412292
139	2041_2070	NA	135.442	27.775	4.46136026
140	2041_2070	NA	225.275	27.903	4.423650041
141	2041_2070	NA	286.981	27.659	4.219758068
142	2041_2070	NA	234.084	26.920	3.863711562
143	2041_2070	NA	234.781	27.166	3.8851484
144	2041_2070	NA	88.239	27.535	4.667971247
145	2041_2070	NA	7.398	27.998	5.859323143
146	2041_2070	NA	6.441	27.299	6.008392727
147	2041_2070	NA	10.423	30.544	6.16565438
148	2041_2070	NA	67.769	30.190	5.953779243
149	2041_2070	NA	291.900	29.075	5.054499935
150	2041_2070	NA	491.833	27.733	4.239412292
151	2041_2070	NA	297.390	28.358	4.46136026
152	2041_2070	NA	473.581	27.836	4.423650041
153	2041_2070	NA	467.724	27.855	4.219758068
154	2041_2070	NA	457.119	27.118	3.863711562
155	2041_2070	NA	192.439	27.793	3.8851484
156	2041_2070	NA	48.689	28.253	4.667971247
157	2041_2070	NA	16.673	27.860	5.859323143
158	2041_2070	NA	7.413	28.006	6.008392727
159	2041_2070	NA	15.449	31.375	6.16565438
160	2041_2070	NA	46.285	31.121	5.953779243
161	2041_2070	NA	343.909	29.456	5.054499935
162	2041_2070	NA	370.385	28.166	4.239412292
163	2041_2070	NA	178.009	29.023	4.46136026
164	2041_2070	NA	278.423	27.913	4.423650041
165	2041_2070	NA	526.709	27.717	4.219758068
166	2041_2070	NA	317.988	27.269	3.863711562
167	2041_2070	NA	124.130	27.146	3.8851484
168	2041_2070	NA	55.754	27.699	4.667971247
169	2041_2070	NA	8.760	27.868	5.859323143
170	2041_2070	NA	4.824	27.581	6.008392727
171	2041_2070	NA	8.101	30.141	6.16565438
172	2041_2070	NA	31.658	30.313	5.953779243
173	2041_2070	NA	271.231	28.694	5.054499935
174	2041_2070	NA	281.097	27.714	4.239412292
175	2041_2070	NA	231.178	27.853	4.46136026
176	2041_2070	NA	311.183	27.454	4.423650041
177	2041_2070	NA	455.073	27.054	4.219758068
178	2041_2070	NA	389.142	26.731	3.863711562
179	2041_2070	NA	431.357	27.094	3.8851484
180	2041_2070	NA	60.251	27.553	4.667971247
181	2041_2070	NA	8.704	27.848	5.859323143
182	2041_2070	NA	5.880	27.757	6.008392727
183	2041_2070	NA	8.948	30.532	6.16565438
184	2041_2070	NA	64.407	30.072	5.953779243
185	2041_2070	NA	210.378	28.187	5.054499935
186	2041_2070	NA	421.530	27.407	4.239412292
187	2041_2070	NA	149.113	27.632	4.46136026
188	2041_2070	NA	178.806	27.540	4.423650041
189	2041_2070	NA	216.347	27.153	4.219758068
190	2041_2070	NA	362.942	26.825	3.863711562
191	2041_2070	NA	192.201	27.604	3.8851484
192	2041_2070	NA	49.448	27.610	4.667971247
193	2041_2070	NA	4.857	27.994	5.859323143
194	2041_2070	NA	2.090	27.463	6.008392727
195	2041_2070	NA	4.501	30.601	6.16565438
196	2041_2070	NA	48.889	29.830	5.953779243
197	2041_2070	NA	203.255	28.533	5.054499935
198	2041_2070	NA	257.506	27.515	4.239412292
199	2041_2070	NA	171.959	28.216	4.46136026
200	2041_2070	NA	262.882	27.799	4.423650041
201	2041_2070	NA	391.534	27.103	4.219758068
202	2041_2070	NA	341.410	26.861	3.863711562
203	2041_2070	NA	185.732	27.603	3.8851484
204	2041_2070	NA	46.994	27.783	4.667971247
205	2041_2070	NA	6.343	27.815	5.859323143
206	2041_2070	NA	5.276	27.840	6.008392727
207	2041_2070	NA	27.142	30.841	6.16565438
208	2041_2070	NA	53.399	30.075	5.953779243
209	2041_2070	NA	444.826	28.834	5.054499935
210	2041_2070	NA	235.004	27.847	4.239412292
211	2041_2070	NA	258.229	27.778	4.46136026
212	2041_2070	NA	296.715	27.593	4.423650041
213	2041_2070	NA	406.019	27.386	4.219758068
214	2041_2070	NA	378.030	26.769	3.863711562
215	2041_2070	NA	126.091	27.511	3.8851484
216	2041_2070	NA	84.076	27.627	4.667971247
217	2041_2070	NA	5.590	27.898	5.859323143
218	2041_2070	NA	4.140	27.460	6.008392727
219	2041_2070	NA	4.160	31.007	6.16565438
220	2041_2070	NA	198.413	30.807	5.953779243
221	2041_2070	NA	246.063	29.712	5.054499935
222	2041_2070	NA	309.735	28.007	4.239412292
223	2041_2070	NA	201.117	28.659	4.46136026
224	2041_2070	NA	304.387	28.738	4.423650041
225	2041_2070	NA	519.613	27.635	4.219758068
226	2041_2070	NA	391.777	27.062	3.863711562
227	2041_2070	NA	149.125	28.099	3.8851484
228	2041_2070	NA	76.778	28.342	4.667971247
229	2041_2070	NA	6.436	28.260	5.859323143
230	2041_2070	NA	8.369	27.711	6.008392727
231	2041_2070	NA	4.714	31.336	6.16565438
232	2041_2070	NA	58.009	30.698	5.953779243
233	2041_2070	NA	250.397	29.083	5.054499935
234	2041_2070	NA	250.937	28.423	4.239412292
235	2041_2070	NA	288.665	28.464	4.46136026
236	2041_2070	NA	238.392	28.283	4.423650041
237	2041_2070	NA	399.882	27.740	4.219758068
238	2041_2070	NA	549.176	27.991	3.863711562
239	2041_2070	NA	269.587	27.241	3.8851484
240	2041_2070	NA	44.502	28.455	4.667971247
241	2041_2070	NA	7.597	28.107	5.859323143
242	2041_2070	NA	3.418	28.125	6.008392727
243	2041_2070	NA	25.872	31.296	6.16565438
244	2041_2070	NA	83.626	30.717	5.953779243
245	2041_2070	NA	468.849	29.822	5.054499935
246	2041_2070	NA	495.933	28.229	4.239412292
247	2041_2070	NA	243.143	28.657	4.46136026
248	2041_2070	NA	386.685	28.754	4.423650041
249	2041_2070	NA	350.253	27.850	4.219758068
250	2041_2070	NA	396.777	27.263	3.863711562
251	2041_2070	NA	194.661	27.314	3.8851484
252	2041_2070	NA	79.495	28.051	4.667971247
253	2041_2070	NA	23.139	28.700	5.859323143
254	2041_2070	NA	4.690	27.904	6.008392727
255	2041_2070	NA	17.756	31.270	6.16565438
256	2041_2070	NA	68.666	30.088	5.953779243
257	2041_2070	NA	521.475	28.893	5.054499935
258	2041_2070	NA	281.722	28.340	4.239412292
259	2041_2070	NA	153.817	28.223	4.46136026
260	2041_2070	NA	103.830	28.212	4.423650041
261	2041_2070	NA	320.312	28.142	4.219758068
262	2041_2070	NA	223.621	27.247	3.863711562
263	2041_2070	NA	109.860	27.442	3.8851484
264	2041_2070	NA	51.999	27.873	4.667971247
265	2041_2070	NA	6.934	28.525	5.859323143
266	2041_2070	NA	28.739	27.983	6.008392727
267	2041_2070	NA	26.442	31.500	6.16565438
268	2041_2070	NA	48.050	31.316	5.953779243
269	2041_2070	NA	155.220	29.433	5.054499935
270	2041_2070	NA	295.048	27.821	4.239412292
271	2041_2070	NA	220.204	28.301	4.46136026
272	2041_2070	NA	258.295	27.915	4.423650041
273	2041_2070	NA	383.584	26.952	4.219758068
274	2041_2070	NA	387.411	26.931	3.863711562
275	2041_2070	NA	273.999	26.928	3.8851484
276	2041_2070	NA	100.226	27.407	4.667971247
277	2041_2070	NA	7.068	27.881	5.859323143
278	2041_2070	NA	25.459	27.378	6.008392727
279	2041_2070	NA	22.233	30.624	6.16565438
280	2041_2070	NA	73.284	30.258	5.953779243
281	2041_2070	NA	238.643	28.681	5.054499935
282	2041_2070	NA	311.885	27.125	4.239412292
283	2041_2070	NA	356.850	27.468	4.46136026
284	2041_2070	NA	248.099	27.758	4.423650041
285	2041_2070	NA	443.772	27.218	4.219758068
286	2041_2070	NA	295.418	26.922	3.863711562
287	2041_2070	NA	156.712	26.873	3.8851484
288	2041_2070	NA	45.424	27.314	4.667971247
289	2041_2070	NA	6.086	27.549	5.859323143
290	2041_2070	NA	4.391	27.346	6.008392727
291	2041_2070	NA	3.727	30.601	6.16565438
292	2041_2070	NA	109.375	30.487	5.953779243
293	2041_2070	NA	198.852	29.530	5.054499935
294	2041_2070	NA	325.699	27.901	4.239412292
295	2041_2070	NA	226.067	28.463	4.46136026
296	2041_2070	NA	256.890	28.583	4.423650041
297	2041_2070	NA	279.795	27.758	4.219758068
298	2041_2070	NA	372.172	27.369	3.863711562
299	2041_2070	NA	180.879	27.233	3.8851484
300	2041_2070	NA	44.732	27.711	4.667971247
301	2041_2070	NA	12.123	28.028	5.859323143
302	2041_2070	NA	4.861	28.143	6.008392727
303	2041_2070	NA	11.473	31.599	6.16565438
304	2041_2070	NA	41.169	31.098	5.953779243
305	2041_2070	NA	351.393	29.428	5.054499935
306	2041_2070	NA	343.354	28.184	4.239412292
307	2041_2070	NA	134.356	28.020	4.46136026
308	2041_2070	NA	241.670	28.102	4.423650041
309	2041_2070	NA	264.604	27.450	4.219758068
310	2041_2070	NA	360.581	27.064	3.863711562
311	2041_2070	NA	114.010	27.458	3.8851484
312	2041_2070	NA	50.411	27.552	4.667971247
313	2041_2070	NA	4.350	28.093	5.859323143
314	2041_2070	NA	1.302	27.900	6.008392727
315	2041_2070	NA	15.168	31.110	6.16565438
316	2041_2070	NA	78.181	30.486	5.953779243
317	2041_2070	NA	241.932	28.772	5.054499935
318	2041_2070	NA	262.748	27.145	4.239412292
319	2041_2070	NA	429.425	28.091	4.46136026
320	2041_2070	NA	191.023	28.187	4.423650041
321	2041_2070	NA	371.149	27.154	4.219758068
322	2041_2070	NA	269.439	26.880	3.863711562
323	2041_2070	NA	86.993	27.457	3.8851484
324	2041_2070	NA	43.657	27.609	4.667971247
325	2041_2070	NA	5.969	28.317	5.859323143
326	2041_2070	NA	2.735	27.486	6.008392727
327	2041_2070	NA	9.232	30.434	6.16565438
328	2041_2070	NA	29.529	30.214	5.953779243
329	2041_2070	NA	337.098	29.496	5.054499935
330	2041_2070	NA	517.702	28.044	4.239412292
331	2041_2070	NA	206.014	28.327	4.46136026
332	2041_2070	NA	646.968	28.610	4.423650041
333	2041_2070	NA	689.790	27.686	4.219758068
334	2041_2070	NA	495.231	26.828	3.863711562
335	2041_2070	NA	136.774	27.203	3.8851484
336	2041_2070	NA	39.965	27.402	4.667971247
337	2041_2070	NA	4.268	27.860	5.859323143
338	2041_2070	NA	1.652	27.624	6.008392727
339	2041_2070	NA	3.581	30.969	6.16565438
340	2041_2070	NA	20.463	30.178	5.953779243
341	2041_2070	NA	156.411	28.513	5.054499935
342	2041_2070	NA	453.178	27.608	4.239412292
343	2041_2070	NA	360.390	27.485	4.46136026
344	2041_2070	NA	432.116	27.470	4.423650041
345	2041_2070	NA	418.676	27.270	4.219758068
346	2041_2070	NA	319.293	26.661	3.863711562
347	2041_2070	NA	254.508	27.280	3.8851484
348	2041_2070	NA	60.346	27.636	4.667971247
349	2041_2070	NA	6.295	27.733	5.859323143
350	2041_2070	NA	1.007	27.443	6.008392727
351	2041_2070	NA	8.534	30.877	6.16565438
352	2041_2070	NA	59.020	30.076	5.953779243
353	2041_2070	NA	237.631	28.093	5.054499935
354	2041_2070	NA	217.908	26.521	4.239412292
355	2041_2070	NA	229.161	27.427	4.46136026
356	2041_2070	NA	280.611	27.231	4.423650041
357	2041_2070	NA	337.655	26.521	4.219758068
358	2041_2070	NA	411.662	26.726	3.863711562
359	2041_2070	NA	234.607	26.971	3.8851484
360	2041_2070	NA	51.824	27.433	4.667971247