SEQ	CLASS	Qmm	P	T	E
1	1961_1990	NA	7.048	26.657	5.166289806
2	1961_1990	NA	4.692	26.260	5.474077225
3	1961_1990	NA	21.780	29.479	5.746303558
4	1961_1990	NA	52.862	29.033	5.551989079
5	1961_1990	NA	142.387	27.747	4.509092331
6	1961_1990	NA	275.409	26.424	3.962051868
7	1961_1990	NA	380.257	26.757	4.095198154
8	1961_1990	NA	171.700	26.588	4.191273689
9	1961_1990	NA	361.343	25.962	4.01298666
10	1961_1990	NA	395.286	25.824	3.884227991
11	1961_1990	NA	239.806	26.076	4.020458221
12	1961_1990	NA	70.593	26.367	4.649784565
13	1961_1990	NA	14.892	26.657	5.166289806
14	1961_1990	NA	3.544	26.260	5.474077225
15	1961_1990	NA	19.801	29.479	5.746303558
16	1961_1990	NA	112.596	29.033	5.551989079
17	1961_1990	NA	294.823	27.747	4.509092331
18	1961_1990	NA	387.339	26.424	3.962051868
19	1961_1990	NA	160.939	26.757	4.095198154
20	1961_1990	NA	268.547	26.588	4.191273689
21	1961_1990	NA	257.365	25.962	4.01298666
22	1961_1990	NA	388.490	25.824	3.884227991
23	1961_1990	NA	93.167	26.076	4.020458221
24	1961_1990	NA	42.455	26.367	4.649784565
25	1961_1990	NA	9.246	26.657	5.166289806
26	1961_1990	NA	40.488	26.260	5.474077225
27	1961_1990	NA	10.996	29.479	5.746303558
28	1961_1990	NA	90.852	29.033	5.551989079
29	1961_1990	NA	160.837	27.747	4.509092331
30	1961_1990	NA	307.973	26.424	3.962051868
31	1961_1990	NA	311.057	26.757	4.095198154
32	1961_1990	NA	194.723	26.588	4.191273689
33	1961_1990	NA	421.068	25.962	4.01298666
34	1961_1990	NA	276.798	25.824	3.884227991
35	1961_1990	NA	212.201	26.076	4.020458221
36	1961_1990	NA	28.821	26.367	4.649784565
37	1961_1990	NA	6.027	26.657	5.166289806
38	1961_1990	NA	6.020	26.260	5.474077225
39	1961_1990	NA	18.169	29.479	5.746303558
40	1961_1990	NA	84.732	29.033	5.551989079
41	1961_1990	NA	130.827	27.747	4.509092331
42	1961_1990	NA	461.264	26.424	3.962051868
43	1961_1990	NA	416.781	26.757	4.095198154
44	1961_1990	NA	456.588	26.588	4.191273689
45	1961_1990	NA	289.987	25.962	4.01298666
46	1961_1990	NA	396.488	25.824	3.884227991
47	1961_1990	NA	75.839	26.076	4.020458221
48	1961_1990	NA	28.938	26.367	4.649784565
49	1961_1990	NA	20.966	26.657	5.166289806
50	1961_1990	NA	10.043	26.260	5.474077225
51	1961_1990	NA	9.775	29.479	5.746303558
52	1961_1990	NA	5.094	29.033	5.551989079
53	1961_1990	NA	226.607	27.747	4.509092331
54	1961_1990	NA	275.811	26.424	3.962051868
55	1961_1990	NA	186.475	26.757	4.095198154
56	1961_1990	NA	220.458	26.588	4.191273689
57	1961_1990	NA	376.074	25.962	4.01298666
58	1961_1990	NA	232.845	25.824	3.884227991
59	1961_1990	NA	98.024	26.076	4.020458221
60	1961_1990	NA	26.188	26.367	4.649784565
61	1961_1990	NA	27.240	26.657	5.166289806
62	1961_1990	NA	19.769	26.260	5.474077225
63	1961_1990	NA	25.492	29.479	5.746303558
64	1961_1990	NA	72.125	29.033	5.551989079
65	1961_1990	NA	473.062	27.747	4.509092331
66	1961_1990	NA	364.496	26.424	3.962051868
67	1961_1990	NA	341.383	26.757	4.095198154
68	1961_1990	NA	288.179	26.588	4.191273689
69	1961_1990	NA	300.833	25.962	4.01298666
70	1961_1990	NA	413.179	25.824	3.884227991
71	1961_1990	NA	65.776	26.076	4.020458221
72	1961_1990	NA	72.140	26.367	4.649784565
73	1961_1990	NA	21.141	26.657	5.166289806
74	1961_1990	NA	22.372	26.260	5.474077225
75	1961_1990	NA	8.568	29.479	5.746303558
76	1961_1990	NA	81.261	29.033	5.551989079
77	1961_1990	NA	125.331	27.747	4.509092331
78	1961_1990	NA	319.038	26.424	3.962051868
79	1961_1990	NA	224.500	26.757	4.095198154
80	1961_1990	NA	254.678	26.588	4.191273689
81	1961_1990	NA	498.068	25.962	4.01298666
82	1961_1990	NA	293.424	25.824	3.884227991
83	1961_1990	NA	111.284	26.076	4.020458221
84	1961_1990	NA	83.549	26.367	4.649784565
85	1961_1990	NA	16.576	26.657	5.166289806
86	1961_1990	NA	29.086	26.260	5.474077225
87	1961_1990	NA	14.739	29.479	5.746303558
88	1961_1990	NA	32.335	29.033	5.551989079
89	1961_1990	NA	411.726	27.747	4.509092331
90	1961_1990	NA	383.988	26.424	3.962051868
91	1961_1990	NA	234.429	26.757	4.095198154
92	1961_1990	NA	202.269	26.588	4.191273689
93	1961_1990	NA	313.337	25.962	4.01298666
94	1961_1990	NA	378.906	25.824	3.884227991
95	1961_1990	NA	222.603	26.076	4.020458221
96	1961_1990	NA	48.098	26.367	4.649784565
97	1961_1990	NA	19.953	26.657	5.166289806
98	1961_1990	NA	4.255	26.260	5.474077225
99	1961_1990	NA	42.255	29.479	5.746303558
100	1961_1990	NA	87.180	29.033	5.551989079
101	1961_1990	NA	190.784	27.747	4.509092331
102	1961_1990	NA	283.332	26.424	3.962051868
103	1961_1990	NA	128.285	26.757	4.095198154
104	1961_1990	NA	449.585	26.588	4.191273689
105	1961_1990	NA	441.337	25.962	4.01298666
106	1961_1990	NA	803.817	25.824	3.884227991
107	1961_1990	NA	142.450	26.076	4.020458221
108	1961_1990	NA	53.001	26.367	4.649784565
109	1961_1990	NA	15.796	26.657	5.166289806
110	1961_1990	NA	8.901	26.260	5.474077225
111	1961_1990	NA	67.846	29.479	5.746303558
112	1961_1990	NA	67.977	29.033	5.551989079
113	1961_1990	NA	251.774	27.747	4.509092331
114	1961_1990	NA	231.279	26.424	3.962051868
115	1961_1990	NA	298.602	26.757	4.095198154
116	1961_1990	NA	379.762	26.588	4.191273689
117	1961_1990	NA	414.819	25.962	4.01298666
118	1961_1990	NA	342.482	25.824	3.884227991
119	1961_1990	NA	161.904	26.076	4.020458221
120	1961_1990	NA	31.897	26.367	4.649784565
121	1961_1990	NA	15.972	26.657	5.166289806
122	1961_1990	NA	13.205	26.260	5.474077225
123	1961_1990	NA	4.505	29.479	5.746303558
124	1961_1990	NA	78.563	29.033	5.551989079
125	1961_1990	NA	240.226	27.747	4.509092331
126	1961_1990	NA	245.148	26.424	3.962051868
127	1961_1990	NA	120.800	26.757	4.095198154
128	1961_1990	NA	293.821	26.588	4.191273689
129	1961_1990	NA	557.061	25.962	4.01298666
130	1961_1990	NA	475.436	25.824	3.884227991
131	1961_1990	NA	78.143	26.076	4.020458221
132	1961_1990	NA	6.343	26.367	4.649784565
133	1961_1990	NA	30.325	26.657	5.166289806
134	1961_1990	NA	5.328	26.260	5.474077225
135	1961_1990	NA	5.255	29.479	5.746303558
136	1961_1990	NA	48.639	29.033	5.551989079
137	1961_1990	NA	265.581	27.747	4.509092331
138	1961_1990	NA	198.822	26.424	3.962051868
139	1961_1990	NA	120.532	26.757	4.095198154
140	1961_1990	NA	207.320	26.588	4.191273689
141	1961_1990	NA	277.772	25.962	4.01298666
142	1961_1990	NA	190.836	25.824	3.884227991
143	1961_1990	NA	180.364	26.076	4.020458221
144	1961_1990	NA	53.281	26.367	4.649784565
145	1961_1990	NA	5.598	26.657	5.166289806
146	1961_1990	NA	6.208	26.260	5.474077225
147	1961_1990	NA	9.412	29.479	5.746303558
148	1961_1990	NA	51.305	29.033	5.551989079
149	1961_1990	NA	246.666	27.747	4.509092331
150	1961_1990	NA	446.579	26.424	3.962051868
151	1961_1990	NA	282.480	26.757	4.095198154
152	1961_1990	NA	455.625	26.588	4.191273689
153	1961_1990	NA	458.515	25.962	4.01298666
154	1961_1990	NA	413.872	25.824	3.884227991
155	1961_1990	NA	138.022	26.076	4.020458221
156	1961_1990	NA	13.731	26.367	4.649784565
157	1961_1990	NA	14.874	26.657	5.166289806
158	1961_1990	NA	7.180	26.260	5.474077225
159	1961_1990	NA	14.438	29.479	5.746303558
160	1961_1990	NA	29.820	29.033	5.551989079
161	1961_1990	NA	298.675	27.747	4.509092331
162	1961_1990	NA	325.131	26.424	3.962051868
163	1961_1990	NA	163.099	26.757	4.095198154
164	1961_1990	NA	260.467	26.588	4.191273689
165	1961_1990	NA	517.500	25.962	4.01298666
166	1961_1990	NA	274.741	25.824	3.884227991
167	1961_1990	NA	69.713	26.076	4.020458221
168	1961_1990	NA	20.795	26.367	4.649784565
169	1961_1990	NA	6.960	26.657	5.166289806
170	1961_1990	NA	4.592	26.260	5.474077225
171	1961_1990	NA	7.090	29.479	5.746303558
172	1961_1990	NA	15.194	29.033	5.551989079
173	1961_1990	NA	225.997	27.747	4.509092331
174	1961_1990	NA	235.843	26.424	3.962051868
175	1961_1990	NA	216.268	26.757	4.095198154
176	1961_1990	NA	293.227	26.588	4.191273689
177	1961_1990	NA	445.864	25.962	4.01298666
178	1961_1990	NA	345.895	25.824	3.884227991
179	1961_1990	NA	376.939	26.076	4.020458221
180	1961_1990	NA	25.293	26.367	4.649784565
181	1961_1990	NA	6.904	26.657	5.166289806
182	1961_1990	NA	5.648	26.260	5.474077225
183	1961_1990	NA	7.937	29.479	5.746303558
184	1961_1990	NA	47.942	29.033	5.551989079
185	1961_1990	NA	165.144	27.747	4.509092331
186	1961_1990	NA	376.276	26.424	3.962051868
187	1961_1990	NA	134.203	26.757	4.095198154
188	1961_1990	NA	160.850	26.588	4.191273689
189	1961_1990	NA	207.138	25.962	4.01298666
190	1961_1990	NA	319.695	25.824	3.884227991
191	1961_1990	NA	137.783	26.076	4.020458221
192	1961_1990	NA	14.489	26.367	4.649784565
193	1961_1990	NA	3.057	26.657	5.166289806
194	1961_1990	NA	1.858	26.260	5.474077225
195	1961_1990	NA	3.490	29.479	5.746303558
196	1961_1990	NA	32.424	29.033	5.551989079
197	1961_1990	NA	158.021	27.747	4.509092331
198	1961_1990	NA	212.252	26.424	3.962051868
199	1961_1990	NA	157.049	26.757	4.095198154
200	1961_1990	NA	244.926	26.588	4.191273689
201	1961_1990	NA	382.325	25.962	4.01298666
202	1961_1990	NA	298.162	25.824	3.884227991
203	1961_1990	NA	131.315	26.076	4.020458221
204	1961_1990	NA	12.036	26.367	4.649784565
205	1961_1990	NA	4.543	26.657	5.166289806
206	1961_1990	NA	5.044	26.260	5.474077225
207	1961_1990	NA	26.131	29.479	5.746303558
208	1961_1990	NA	36.935	29.033	5.551989079
209	1961_1990	NA	399.591	27.747	4.509092331
210	1961_1990	NA	189.750	26.424	3.962051868
211	1961_1990	NA	243.319	26.757	4.095198154
212	1961_1990	NA	278.759	26.588	4.191273689
213	1961_1990	NA	396.810	25.962	4.01298666
214	1961_1990	NA	334.783	25.824	3.884227991
215	1961_1990	NA	71.673	26.076	4.020458221
216	1961_1990	NA	49.118	26.367	4.649784565
217	1961_1990	NA	3.790	26.657	5.166289806
218	1961_1990	NA	3.908	26.260	5.474077225
219	1961_1990	NA	3.149	29.479	5.746303558
220	1961_1990	NA	181.948	29.033	5.551989079
221	1961_1990	NA	200.828	27.747	4.509092331
222	1961_1990	NA	264.481	26.424	3.962051868
223	1961_1990	NA	186.207	26.757	4.095198154
224	1961_1990	NA	286.431	26.588	4.191273689
225	1961_1990	NA	510.404	25.962	4.01298666
226	1961_1990	NA	348.530	25.824	3.884227991
227	1961_1990	NA	94.708	26.076	4.020458221
228	1961_1990	NA	41.820	26.367	4.649784565
229	1961_1990	NA	4.636	26.657	5.166289806
230	1961_1990	NA	8.137	26.260	5.474077225
231	1961_1990	NA	3.702	29.479	5.746303558
232	1961_1990	NA	41.545	29.033	5.551989079
233	1961_1990	NA	205.163	27.747	4.509092331
234	1961_1990	NA	205.683	26.424	3.962051868
235	1961_1990	NA	273.755	26.757	4.095198154
236	1961_1990	NA	220.436	26.588	4.191273689
237	1961_1990	NA	390.673	25.962	4.01298666
238	1961_1990	NA	505.929	25.824	3.884227991
239	1961_1990	NA	215.170	26.076	4.020458221
240	1961_1990	NA	9.544	26.367	4.649784565
241	1961_1990	NA	5.797	26.657	5.166289806
242	1961_1990	NA	3.186	26.260	5.474077225
243	1961_1990	NA	24.861	29.479	5.746303558
244	1961_1990	NA	67.161	29.033	5.551989079
245	1961_1990	NA	423.615	27.747	4.509092331
246	1961_1990	NA	450.679	26.424	3.962051868
247	1961_1990	NA	228.232	26.757	4.095198154
248	1961_1990	NA	368.729	26.588	4.191273689
249	1961_1990	NA	341.044	25.962	4.01298666
250	1961_1990	NA	353.530	25.824	3.884227991
251	1961_1990	NA	140.244	26.076	4.020458221
252	1961_1990	NA	44.536	26.367	4.649784565
253	1961_1990	NA	21.340	26.657	5.166289806
254	1961_1990	NA	4.458	26.260	5.474077225
255	1961_1990	NA	16.745	29.479	5.746303558
256	1961_1990	NA	52.201	29.033	5.551989079
257	1961_1990	NA	476.240	27.747	4.509092331
258	1961_1990	NA	236.468	26.424	3.962051868
259	1961_1990	NA	138.907	26.757	4.095198154
260	1961_1990	NA	85.874	26.588	4.191273689
261	1961_1990	NA	311.103	25.962	4.01298666
262	1961_1990	NA	180.374	25.824	3.884227991
263	1961_1990	NA	55.443	26.076	4.020458221
264	1961_1990	NA	17.040	26.367	4.649784565
265	1961_1990	NA	5.135	26.657	5.166289806
266	1961_1990	NA	28.506	26.260	5.474077225
267	1961_1990	NA	25.430	29.479	5.746303558
268	1961_1990	NA	31.585	29.033	5.551989079
269	1961_1990	NA	109.985	27.747	4.509092331
270	1961_1990	NA	249.794	26.424	3.962051868
271	1961_1990	NA	205.294	26.757	4.095198154
272	1961_1990	NA	240.340	26.588	4.191273689
273	1961_1990	NA	374.376	25.962	4.01298666
274	1961_1990	NA	344.164	25.824	3.884227991
275	1961_1990	NA	219.582	26.076	4.020458221
276	1961_1990	NA	65.267	26.367	4.649784565
277	1961_1990	NA	5.269	26.657	5.166289806
278	1961_1990	NA	25.226	26.260	5.474077225
279	1961_1990	NA	21.222	29.479	5.746303558
280	1961_1990	NA	56.819	29.033	5.551989079
281	1961_1990	NA	193.409	27.747	4.509092331
282	1961_1990	NA	266.632	26.424	3.962051868
283	1961_1990	NA	341.940	26.757	4.095198154
284	1961_1990	NA	230.143	26.588	4.191273689
285	1961_1990	NA	434.563	25.962	4.01298666
286	1961_1990	NA	252.171	25.824	3.884227991
287	1961_1990	NA	102.295	26.076	4.020458221
288	1961_1990	NA	10.466	26.367	4.649784565
289	1961_1990	NA	4.286	26.657	5.166289806
290	1961_1990	NA	4.159	26.260	5.474077225
291	1961_1990	NA	2.715	29.479	5.746303558
292	1961_1990	NA	92.910	29.033	5.551989079
293	1961_1990	NA	153.617	27.747	4.509092331
294	1961_1990	NA	280.445	26.424	3.962051868
295	1961_1990	NA	211.157	26.757	4.095198154
296	1961_1990	NA	238.935	26.588	4.191273689
297	1961_1990	NA	270.586	25.962	4.01298666
298	1961_1990	NA	328.925	25.824	3.884227991
299	1961_1990	NA	126.462	26.076	4.020458221
300	1961_1990	NA	9.773	26.367	4.649784565
301	1961_1990	NA	10.323	26.657	5.166289806
302	1961_1990	NA	4.629	26.260	5.474077225
303	1961_1990	NA	10.461	29.479	5.746303558
304	1961_1990	NA	24.704	29.033	5.551989079
305	1961_1990	NA	306.158	27.747	4.509092331
306	1961_1990	NA	298.100	26.424	3.962051868
307	1961_1990	NA	119.446	26.757	4.095198154
308	1961_1990	NA	223.715	26.588	4.191273689
309	1961_1990	NA	255.395	25.962	4.01298666
310	1961_1990	NA	317.334	25.824	3.884227991
311	1961_1990	NA	59.592	26.076	4.020458221
312	1961_1990	NA	15.452	26.367	4.649784565
313	1961_1990	NA	2.550	26.657	5.166289806
314	1961_1990	NA	1.070	26.260	5.474077225
315	1961_1990	NA	14.157	29.479	5.746303558
316	1961_1990	NA	61.716	29.033	5.551989079
317	1961_1990	NA	196.698	27.747	4.509092331
318	1961_1990	NA	217.494	26.424	3.962051868
319	1961_1990	NA	414.514	26.757	4.095198154
320	1961_1990	NA	173.067	26.588	4.191273689
321	1961_1990	NA	361.941	25.962	4.01298666
322	1961_1990	NA	226.192	25.824	3.884227991
323	1961_1990	NA	32.575	26.076	4.020458221
324	1961_1990	NA	8.699	26.367	4.649784565
325	1961_1990	NA	4.169	26.657	5.166289806
326	1961_1990	NA	2.503	26.260	5.474077225
327	1961_1990	NA	8.221	29.479	5.746303558
328	1961_1990	NA	13.065	29.033	5.551989079
329	1961_1990	NA	291.864	27.747	4.509092331
330	1961_1990	NA	472.448	26.424	3.962051868
331	1961_1990	NA	191.104	26.757	4.095198154
332	1961_1990	NA	629.013	26.588	4.191273689
333	1961_1990	NA	680.581	25.962	4.01298666
334	1961_1990	NA	451.984	25.824	3.884227991
335	1961_1990	NA	82.357	26.076	4.020458221
336	1961_1990	NA	5.006	26.367	4.649784565
337	1961_1990	NA	2.469	26.657	5.166289806
338	1961_1990	NA	1.419	26.260	5.474077225
339	1961_1990	NA	2.570	29.479	5.746303558
340	1961_1990	NA	3.999	29.033	5.551989079
341	1961_1990	NA	111.176	27.747	4.509092331
342	1961_1990	NA	407.924	26.424	3.962051868
343	1961_1990	NA	345.479	26.757	4.095198154
344	1961_1990	NA	414.161	26.588	4.191273689
345	1961_1990	NA	409.467	25.962	4.01298666
346	1961_1990	NA	276.046	25.824	3.884227991
347	1961_1990	NA	200.091	26.076	4.020458221
348	1961_1990	NA	25.388	26.367	4.649784565
349	1961_1990	NA	4.496	26.657	5.166289806
350	1961_1990	NA	0.775	26.260	5.474077225
351	1961_1990	NA	7.523	29.479	5.746303558
352	1961_1990	NA	42.555	29.033	5.551989079
353	1961_1990	NA	192.396	27.747	4.509092331
354	1961_1990	NA	172.654	26.424	3.962051868
355	1961_1990	NA	214.251	26.757	4.095198154
356	1961_1990	NA	262.655	26.588	4.191273689
357	1961_1990	NA	328.446	25.962	4.01298666
358	1961_1990	NA	368.414	25.824	3.884227991
359	1961_1990	NA	180.190	26.076	4.020458221
360	1961_1990	NA	16.866	26.367	4.649784565