SEQ	CLASS	Qmm	P	T	E
1	2071_2100	NA	5.677	28.796	5.577
2	2071_2100	NA	4.934	27.986	5.705
3	2071_2100	NA	23.686	30.961	6.171
4	2071_2100	NA	65.294	30.758	6.044
5	2071_2100	NA	151.766	29.399	4.695
6	2071_2100	NA	295.632	27.662	4.215
7	2071_2100	NA	350.793	28.307	4.037
8	2071_2100	NA	163.424	27.635	3.814
9	2071_2100	NA	356.661	28.146	3.912
10	2071_2100	NA	477.207	27.601	3.824
11	2071_2100	NA	244.309	28.292	4.038
12	2071_2100	NA	81.645	28.565	4.856
13	2071_2100	NA	13.520	29.083	5.577
14	2071_2100	NA	3.786	28.473	5.705
15	2071_2100	NA	21.708	31.546	6.171
16	2071_2100	NA	125.028	31.002	6.044
17	2071_2100	NA	304.202	29.322	4.695
18	2071_2100	NA	407.562	27.880	4.215
19	2071_2100	NA	131.475	28.639	4.037
20	2071_2100	NA	260.271	28.463	3.814
21	2071_2100	NA	252.683	27.951	3.912
22	2071_2100	NA	470.412	28.132	3.824
23	2071_2100	NA	97.671	28.578	4.038
24	2071_2100	NA	53.508	29.070	4.856
25	2071_2100	NA	7.875	29.119	5.577
26	2071_2100	NA	40.730	29.241	5.705
27	2071_2100	NA	12.903	32.540	6.171
28	2071_2100	NA	103.284	31.720	6.044
29	2071_2100	NA	170.217	30.148	4.695
30	2071_2100	NA	328.196	28.305	4.215
31	2071_2100	NA	281.593	28.899	4.037
32	2071_2100	NA	186.448	28.769	3.814
33	2071_2100	NA	416.386	28.773	3.912
34	2071_2100	NA	358.719	27.997	3.824
35	2071_2100	NA	216.704	28.473	4.038
36	2071_2100	NA	39.874	29.218	4.856
37	2071_2100	NA	4.655	29.037	5.577
38	2071_2100	NA	6.262	28.779	5.705
39	2071_2100	NA	20.075	32.606	6.171
40	2071_2100	NA	97.164	32.010	6.044
41	2071_2100	NA	140.207	30.681	4.695
42	2071_2100	NA	481.487	29.552	4.215
43	2071_2100	NA	387.317	29.987	4.037
44	2071_2100	NA	448.313	29.802	3.814
45	2071_2100	NA	285.305	29.037	3.912
46	2071_2100	NA	478.410	27.764	3.824
47	2071_2100	NA	80.342	28.365	4.038
48	2071_2100	NA	39.991	29.198	4.856
49	2071_2100	NA	19.595	29.515	5.577
50	2071_2100	NA	10.285	28.884	5.705
51	2071_2100	NA	11.682	32.198	6.171
52	2071_2100	NA	17.526	31.556	6.044
53	2071_2100	NA	235.987	30.519	4.695
54	2071_2100	NA	296.033	28.643	4.215
55	2071_2100	NA	157.012	29.135	4.037
56	2071_2100	NA	212.182	28.948	3.814
57	2071_2100	NA	371.392	27.613	3.912
58	2071_2100	NA	314.767	27.826	3.824
59	2071_2100	NA	102.528	27.865	4.038
60	2071_2100	NA	37.241	28.036	4.856
61	2071_2100	NA	25.869	28.198	5.577
62	2071_2100	NA	20.011	28.041	5.705
63	2071_2100	NA	27.398	31.364	6.171
64	2071_2100	NA	84.557	31.314	6.044
65	2071_2100	NA	482.442	29.511	4.695
66	2071_2100	NA	384.718	28.060	4.215
67	2071_2100	NA	311.920	28.276	4.037
68	2071_2100	NA	279.904	28.597	3.814
69	2071_2100	NA	296.151	27.501	3.912
70	2071_2100	NA	495.100	27.557	3.824
71	2071_2100	NA	70.280	28.083	4.038
72	2071_2100	NA	83.192	28.660	4.856
73	2071_2100	NA	19.769	29.400	5.577
74	2071_2100	NA	22.614	28.917	5.705
75	2071_2100	NA	10.474	31.705	6.171
76	2071_2100	NA	93.693	30.823	6.044
77	2071_2100	NA	134.711	29.260	4.695
78	2071_2100	NA	339.261	28.560	4.215
79	2071_2100	NA	195.036	28.743	4.037
80	2071_2100	NA	246.402	28.602	3.814
81	2071_2100	NA	493.386	28.189	3.912
82	2071_2100	NA	375.346	28.184	3.824
83	2071_2100	NA	115.787	28.368	4.038
84	2071_2100	NA	94.601	28.726	4.856
85	2071_2100	NA	15.205	29.686	5.577
86	2071_2100	NA	29.328	29.337	5.705
87	2071_2100	NA	16.645	32.308	6.171
88	2071_2100	NA	44.767	31.276	6.044
89	2071_2100	NA	421.106	30.657	4.695
90	2071_2100	NA	404.211	29.393	4.215
91	2071_2100	NA	204.965	29.474	4.037
92	2071_2100	NA	193.994	29.453	3.814
93	2071_2100	NA	308.655	28.727	3.912
94	2071_2100	NA	460.828	28.446	3.824
95	2071_2100	NA	227.106	28.452	4.038
96	2071_2100	NA	59.150	29.199	4.856
97	2071_2100	NA	18.582	29.051	5.577
98	2071_2100	NA	4.497	28.767	5.705
99	2071_2100	NA	44.162	31.940	6.171
100	2071_2100	NA	99.612	31.344	6.044
101	2071_2100	NA	200.163	30.167	4.695
102	2071_2100	NA	303.555	28.442	4.215
103	2071_2100	NA	98.821	29.059	4.037
104	2071_2100	NA	441.309	29.084	3.814
105	2071_2100	NA	436.655	28.685	3.912
106	2071_2100	NA	885.738	28.421	3.824
107	2071_2100	NA	146.953	28.460	4.038
108	2071_2100	NA	64.053	29.099	4.856
109	2071_2100	NA	14.425	29.653	5.577
110	2071_2100	NA	9.142	29.215	5.705
111	2071_2100	NA	69.753	32.575	6.171
112	2071_2100	NA	80.408	31.859	6.044
113	2071_2100	NA	261.154	31.170	4.695
114	2071_2100	NA	251.502	30.556	4.215
115	2071_2100	NA	269.138	30.396	4.037
116	2071_2100	NA	371.487	30.349	3.814
117	2071_2100	NA	410.137	28.823	3.912
118	2071_2100	NA	424.404	28.496	3.824
119	2071_2100	NA	166.407	28.851	4.038
120	2071_2100	NA	42.950	29.240	4.856
121	2071_2100	NA	14.601	29.764	5.577
122	2071_2100	NA	13.447	29.049	5.705
123	2071_2100	NA	6.411	32.471	6.171
124	2071_2100	NA	90.995	31.623	6.044
125	2071_2100	NA	249.606	30.588	4.695
126	2071_2100	NA	265.370	28.508	4.215
127	2071_2100	NA	91.336	29.342	4.037
128	2071_2100	NA	285.546	28.910	3.814
129	2071_2100	NA	552.379	27.701	3.912
130	2071_2100	NA	557.358	27.719	3.824
131	2071_2100	NA	82.646	28.329	4.038
132	2071_2100	NA	17.396	28.615	4.856
133	2071_2100	NA	28.953	28.728	5.577
134	2071_2100	NA	5.569	28.854	5.705
135	2071_2100	NA	7.162	31.624	6.171
136	2071_2100	NA	61.071	31.108	6.044
137	2071_2100	NA	274.961	28.856	4.695
138	2071_2100	NA	219.045	27.741	4.215
139	2071_2100	NA	91.068	27.987	4.037
140	2071_2100	NA	199.044	28.468	3.814
141	2071_2100	NA	273.090	28.249	3.912
142	2071_2100	NA	272.758	27.188	3.824
143	2071_2100	NA	184.867	27.774	4.038
144	2071_2100	NA	64.333	28.260	4.856
145	2071_2100	NA	4.227	28.723	5.577
146	2071_2100	NA	6.450	28.095	5.705
147	2071_2100	NA	11.318	31.281	6.171
148	2071_2100	NA	63.737	31.033	6.044
149	2071_2100	NA	256.045	29.452	4.695
150	2071_2100	NA	466.802	28.130	4.215
151	2071_2100	NA	253.016	29.059	4.037
152	2071_2100	NA	447.350	28.721	3.814
153	2071_2100	NA	453.833	28.020	3.912
154	2071_2100	NA	495.794	27.849	3.824
155	2071_2100	NA	142.525	28.289	4.038
156	2071_2100	NA	24.783	28.993	4.856
157	2071_2100	NA	13.502	29.010	5.577
158	2071_2100	NA	7.422	28.918	5.705
159	2071_2100	NA	16.345	32.059	6.171
160	2071_2100	NA	42.252	32.047	6.044
161	2071_2100	NA	308.055	29.743	4.695
162	2071_2100	NA	345.354	29.332	4.215
163	2071_2100	NA	133.635	29.994	4.037
164	2071_2100	NA	252.191	29.697	3.814
165	2071_2100	NA	512.818	28.728	3.912
166	2071_2100	NA	356.663	27.495	3.824
167	2071_2100	NA	74.216	28.539	4.038
168	2071_2100	NA	31.848	28.689	4.856
169	2071_2100	NA	5.589	28.929	5.577
170	2071_2100	NA	4.834	29.112	5.705
171	2071_2100	NA	8.996	31.952	6.171
172	2071_2100	NA	27.626	31.590	6.044
173	2071_2100	NA	235.376	29.738	4.695
174	2071_2100	NA	256.065	28.971	4.215
175	2071_2100	NA	186.805	28.968	4.037
176	2071_2100	NA	284.951	28.953	3.814
177	2071_2100	NA	441.182	28.138	3.912
178	2071_2100	NA	427.817	27.499	3.824
179	2071_2100	NA	381.443	27.823	4.038
180	2071_2100	NA	36.345	28.139	4.856
181	2071_2100	NA	5.533	28.606	5.577
182	2071_2100	NA	5.890	28.215	5.705
183	2071_2100	NA	9.843	30.957	6.171
184	2071_2100	NA	60.374	30.646	6.044
185	2071_2100	NA	174.524	28.619	4.695
186	2071_2100	NA	396.499	28.195	4.215
187	2071_2100	NA	104.739	28.151	4.037
188	2071_2100	NA	152.575	28.095	3.814
189	2071_2100	NA	202.456	27.832	3.912
190	2071_2100	NA	401.617	27.196	3.824
191	2071_2100	NA	142.286	28.330	4.038
192	2071_2100	NA	25.542	28.143	4.856
193	2071_2100	NA	1.686	28.067	5.577
194	2071_2100	NA	2.099	27.964	5.705
195	2071_2100	NA	5.397	31.255	6.171
196	2071_2100	NA	44.856	30.899	6.044
197	2071_2100	NA	167.400	29.904	4.695
198	2071_2100	NA	232.474	28.557	4.215
199	2071_2100	NA	127.586	29.253	4.037
200	2071_2100	NA	236.650	28.758	3.814
201	2071_2100	NA	377.643	27.885	3.912
202	2071_2100	NA	380.084	27.827	3.824
203	2071_2100	NA	135.818	28.467	4.038
204	2071_2100	NA	23.088	28.709	4.856
205	2071_2100	NA	3.171	29.263	5.577
206	2071_2100	NA	5.285	29.118	5.705
207	2071_2100	NA	28.038	32.027	6.171
208	2071_2100	NA	49.367	31.399	6.044
209	2071_2100	NA	408.971	30.193	4.695
210	2071_2100	NA	209.973	28.975	4.215
211	2071_2100	NA	213.855	28.916	4.037
212	2071_2100	NA	270.484	28.960	3.814
213	2071_2100	NA	392.128	28.089	3.912
214	2071_2100	NA	416.705	27.616	3.824
215	2071_2100	NA	76.176	28.295	4.038
216	2071_2100	NA	60.170	28.778	4.856
217	2071_2100	NA	2.419	29.172	5.577
218	2071_2100	NA	4.149	28.450	5.705
219	2071_2100	NA	5.056	32.225	6.171
220	2071_2100	NA	194.380	31.447	6.044
221	2071_2100	NA	210.208	30.771	4.695
222	2071_2100	NA	284.703	28.924	4.215
223	2071_2100	NA	156.744	29.358	4.037
224	2071_2100	NA	278.156	28.667	3.814
225	2071_2100	NA	505.722	27.647	3.912
226	2071_2100	NA	430.452	27.456	3.824
227	2071_2100	NA	99.211	28.368	4.038
228	2071_2100	NA	52.872	28.490	4.856
229	2071_2100	NA	3.265	28.985	5.577
230	2071_2100	NA	8.378	28.527	5.705
231	2071_2100	NA	5.609	31.683	6.171
232	2071_2100	NA	53.977	31.222	6.044
233	2071_2100	NA	214.543	29.694	4.695
234	2071_2100	NA	225.906	28.512	4.215
235	2071_2100	NA	244.292	28.932	4.037
236	2071_2100	NA	212.161	28.270	3.814
237	2071_2100	NA	385.991	27.211	3.912
238	2071_2100	NA	587.850	27.646	3.824
239	2071_2100	NA	219.673	27.799	4.038
240	2071_2100	NA	20.596	28.337	4.856
241	2071_2100	NA	4.426	28.298	5.577
242	2071_2100	NA	3.428	28.619	5.705
243	2071_2100	NA	26.768	31.621	6.171
244	2071_2100	NA	79.593	30.801	6.044
245	2071_2100	NA	432.995	29.736	4.695
246	2071_2100	NA	470.902	28.144	4.215
247	2071_2100	NA	198.769	28.620	4.037
248	2071_2100	NA	360.454	28.881	3.814
249	2071_2100	NA	336.362	27.985	3.912
250	2071_2100	NA	435.451	27.644	3.824
251	2071_2100	NA	144.747	27.643	4.038
252	2071_2100	NA	55.589	28.586	4.856
253	2071_2100	NA	19.968	28.815	5.577
254	2071_2100	NA	4.699	28.524	5.705
255	2071_2100	NA	18.651	31.554	6.171
256	2071_2100	NA	64.633	30.431	6.044
257	2071_2100	NA	485.620	29.801	4.695
258	2071_2100	NA	256.691	28.850	4.215
259	2071_2100	NA	109.443	29.208	4.037
260	2071_2100	NA	77.599	28.630	3.814
261	2071_2100	NA	306.421	28.822	3.912
262	2071_2100	NA	262.295	28.014	3.824
263	2071_2100	NA	59.946	28.266	4.038
264	2071_2100	NA	28.093	28.822	4.856
265	2071_2100	NA	3.763	29.576	5.577
266	2071_2100	NA	28.748	29.055	5.705
267	2071_2100	NA	27.337	32.594	6.171
268	2071_2100	NA	44.017	32.601	6.044
269	2071_2100	NA	119.365	30.299	4.695
270	2071_2100	NA	270.016	29.258	4.215
271	2071_2100	NA	175.831	29.508	4.037
272	2071_2100	NA	232.064	29.215	3.814
273	2071_2100	NA	369.694	28.116	3.912
274	2071_2100	NA	426.085	27.888	3.824
275	2071_2100	NA	224.085	27.628	4.038
276	2071_2100	NA	76.320	28.764	4.856
277	2071_2100	NA	3.897	29.264	5.577
278	2071_2100	NA	25.468	28.986	5.705
279	2071_2100	NA	23.128	31.906	6.171
280	2071_2100	NA	69.251	31.366	6.044
281	2071_2100	NA	202.788	28.984	4.695
282	2071_2100	NA	286.854	28.692	4.215
283	2071_2100	NA	312.477	28.724	4.037
284	2071_2100	NA	221.867	28.725	3.814
285	2071_2100	NA	429.881	27.669	3.912
286	2071_2100	NA	334.093	27.779	3.824
287	2071_2100	NA	106.798	27.961	4.038
288	2071_2100	NA	21.518	28.401	4.856
289	2071_2100	NA	2.915	28.827	5.577
290	2071_2100	NA	4.400	28.617	5.705
291	2071_2100	NA	4.622	31.544	6.171
292	2071_2100	NA	105.342	30.923	6.044
293	2071_2100	NA	162.997	29.803	4.695
294	2071_2100	NA	300.668	28.413	4.215
295	2071_2100	NA	181.693	28.687	4.037
296	2071_2100	NA	230.659	28.644	3.814
297	2071_2100	NA	265.904	28.239	3.912
298	2071_2100	NA	410.846	27.514	3.824
299	2071_2100	NA	130.965	27.397	4.038
300	2071_2100	NA	20.826	28.397	4.856
301	2071_2100	NA	8.952	28.748	5.577
302	2071_2100	NA	4.871	28.493	5.705
303	2071_2100	NA	12.368	31.679	6.171
304	2071_2100	NA	37.136	30.631	6.044
305	2071_2100	NA	315.538	29.781	4.695
306	2071_2100	NA	318.323	28.261	4.215
307	2071_2100	NA	89.982	28.475	4.037
308	2071_2100	NA	215.439	28.306	3.814
309	2071_2100	NA	250.713	28.387	3.912
310	2071_2100	NA	399.256	26.973	3.824
311	2071_2100	NA	64.095	27.622	4.038
312	2071_2100	NA	26.505	28.223	4.856
313	2071_2100	NA	1.179	28.363	5.577
314	2071_2100	NA	1.312	28.146	5.705
315	2071_2100	NA	16.063	31.559	6.171
316	2071_2100	NA	74.148	30.484	6.044
317	2071_2100	NA	206.077	29.495	4.695
318	2071_2100	NA	237.717	28.036	4.215
319	2071_2100	NA	385.051	28.655	4.037
320	2071_2100	NA	164.791	28.470	3.814
321	2071_2100	NA	357.259	27.939	3.912
322	2071_2100	NA	308.114	27.606	3.824
323	2071_2100	NA	37.079	27.446	4.038
324	2071_2100	NA	19.751	27.914	4.856
325	2071_2100	NA	2.798	28.538	5.577
326	2071_2100	NA	2.745	27.838	5.705
327	2071_2100	NA	10.128	31.198	6.171
328	2071_2100	NA	25.497	30.951	6.044
329	2071_2100	NA	301.244	29.795	4.695
330	2071_2100	NA	492.671	28.804	4.215
331	2071_2100	NA	161.641	29.473	4.037
332	2071_2100	NA	620.737	29.828	3.814
333	2071_2100	NA	675.899	28.723	3.912
334	2071_2100	NA	533.906	28.052	3.824
335	2071_2100	NA	86.860	28.184	4.038
336	2071_2100	NA	16.059	28.699	4.856
337	2071_2100	NA	1.097	29.165	5.577
338	2071_2100	NA	1.661	28.541	5.705
339	2071_2100	NA	4.477	31.708	6.171
340	2071_2100	NA	16.431	31.017	6.044
341	2071_2100	NA	120.556	29.639	4.695
342	2071_2100	NA	428.147	28.279	4.215
343	2071_2100	NA	316.016	28.285	4.037
344	2071_2100	NA	405.885	27.760	3.814
345	2071_2100	NA	404.785	27.655	3.912
346	2071_2100	NA	357.968	26.757	3.824
347	2071_2100	NA	204.594	27.551	4.038
348	2071_2100	NA	36.441	28.206	4.856
349	2071_2100	NA	3.124	28.745	5.577
350	2071_2100	NA	1.016	28.708	5.705
351	2071_2100	NA	9.430	31.837	6.171
352	2071_2100	NA	54.987	30.431	6.044
353	2071_2100	NA	201.776	28.526	4.695
354	2071_2100	NA	192.877	28.096	4.215
355	2071_2100	NA	184.788	28.965	4.037
356	2071_2100	NA	254.380	28.332	3.814
357	2071_2100	NA	323.764	26.987	3.912
358	2071_2100	NA	450.336	27.663	3.824
359	2071_2100	NA	184.693	28.297	4.038
360	2071_2100	NA	27.918	28.757	4.856
